[
 [
  "pwm_limits",
  [
   0,
   0,
   8192,
   0,
   8192
  ]
 ],
 [
  "pwm_limits",
  [
   1,
   0,
   8192,
   0,
   8192
  ]
 ],
 [
  "pwm_limits",
  [
   2,
   0,
   8192,
   0,
   8192
  ]
 ],
 [
  "pwm_limits",
  [
   2,
   0,
   8192,
   0,
   8192
  ]
 ],
 [
  "adc_limits",
  [
   0,
   100,
   65435
  ]
 ],
 [
  "adc_limits",
  [
   1,
   100,
   65435
  ]
 ],
 [
  "adc_limits",
  [
   2,
   100,
   65435
  ]
 ],
 [
  "pid_config",
  [
   0,
   2.0,
   1.0,
   0.0,
   -8192,
   8192
  ]
 ],
 [
  "pid_config",
  [
   1,
   2.0,
   1.0,
   0.0,
   -8192,
   8192
  ]
 ],
 [
  "pid_config",
  [
   2,
   2.0,
   1.0,
   0.0,
   -8192,
   8192
  ]
 ]
]