[
 [
  "pwm_limits",
  [
   0,
   1638,
   8192,
   1638,
   8192
  ]
 ],
 [
  "pwm_limits",
  [
   1,
   1638,
   8192,
   1638,
   8192
  ]
 ],
 [
  "pwm_limits",
  [
   2,
   1638,
   8192,
   1638,
   8192
  ]
 ],
 [
  "adc_limits",
  [
   0,
   6032,
   46509
  ]
 ],
 [
  "adc_limits",
  [
   1,
   2253,
   60809
  ]
 ],
 [
  "adc_limits",
  [
   2,
   3391,
   53885
  ]
 ],
 [
  "pid_config",
  [
   0,
   1.0,
   0.0,
   0.0,
   -8192,
   8192
  ]
 ],
 [
  "pid_config",
  [
   1,
   2.0,
   0.1,
   0.0,
   -8192,
   8192
  ]
 ],
 [
  "pid_config",
  [
   2,
   1.0,
   0.1,
   0.0,
   -8192,
   8192
  ]
 ],
 [
  "dither",
  [
   2500,
   250
  ]
 ],
 [
  "dither",
  [
   2500,
   250
  ]
 ],
 [
  "dither",
  [
   2500,
   250
  ]
 ],
 [
  "calf_scale",
  [
   -3.4554290323285386e-05,
   2.841452725298205
  ]
 ]
]