[
 [
  "pwm_limits",
  [
   0,
   1638,
   8192,
   1638,
   8192
  ]
 ],
 [
  "pwm_limits",
  [
   1,
   1638,
   8192,
   1638,
   8192
  ]
 ],
 [
  "pwm_limits",
  [
   2,
   1638,
   8192,
   1638,
   8192
  ]
 ],
 [
  "adc_limits",
  [
   0,
   5503,
   43823
  ]
 ],
 [
  "adc_limits",
  [
   1,
   3170,
   61941
  ]
 ],
 [
  "adc_limits",
  [
   2,
   10017,
   60332
  ]
 ],
 [
  "pid_config",
  [
   0,
   1.0,
   0.0,
   0.0,
   -8192,
   8192
  ]
 ],
 [
  "pid_config",
  [
   1,
   2.0,
   0.1,
   0.0,
   -8192,
   8192
  ]
 ],
 [
  "pid_config",
  [
   2,
   1.0,
   0.1,
   0.0,
   -8192,
   8192
  ]
 ],
 [
  "dither",
  [
   2500,
   250
  ]
 ],
 [
  "dither",
  [
   2500,
   250
  ]
 ],
 [
  "dither",
  [
   2500,
   250
  ]
 ],
 [
  "calf_scale",
  [
   3.3110771e-05,
   0.77719798066
  ]
 ]
]