[
 [
  "pwm_limits",
  [
   0,
   1638,
   8192,
   1638,
   8192
  ]
 ],
 [
  "pwm_limits",
  [
   1,
   1638,
   8192,
   1638,
   8192
  ]
 ],
 [
  "pwm_limits",
  [
   2,
   1638,
   8192,
   1638,
   8192
  ]
 ],
 [
  "adc_limits",
  [
   0,
   5370,
   49898
  ]
 ],
 [
  "adc_limits",
  [
   1,
   3033,
   61750
  ]
 ],
 [
  "adc_limits",
  [
   2,
   8151,
   58062
  ]
 ],
 [
  "pid_config",
  [
   0,
   1.0,
   0.0,
   0.0,
   -8192,
   8192
  ]
 ],
 [
  "pid_config",
  [
   1,
   2.0,
   0.1,
   0.0,
   -8192,
   8192
  ]
 ],
 [
  "pid_config",
  [
   2,
   1.0,
   0.1,
   0.0,
   -8192,
   8192
  ]
 ],
 [
  "dither",
  [
   2500,
   250
  ]
 ],
 [
  "dither",
  [
   2500,
   250
  ]
 ],
 [
  "dither",
  [
   2500,
   250
  ]
 ],
 [
  "calf_scale",
  [
   3.7742337e-05,
   0.71074486121
  ]
 ]
]