[
 [
  "pwm_limits",
  [
   0,
   1638,
   8192,
   1638,
   8192
  ]
 ],
 [
  "pwm_limits",
  [
   1,
   1638,
   8192,
   1638,
   8192
  ]
 ],
 [
  "pwm_limits",
  [
   2,
   1638,
   8192,
   1638,
   8192
  ]
 ],
 [
  "adc_limits",
  [
   0,
   6874,
   52192
  ]
 ],
 [
  "adc_limits",
  [
   1,
   3035,
   61462
  ]
 ],
 [
  "adc_limits",
  [
   2,
   9149,
   59182
  ]
 ],
 [
  "pid_config",
  [
   0,
   1.0,
   0.0,
   0.0,
   -8192,
   8192
  ]
 ],
 [
  "pid_config",
  [
   1,
   2.0,
   0.1,
   0.0,
   -8192,
   8192
  ]
 ],
 [
  "pid_config",
  [
   2,
   1.0,
   0.1,
   0.0,
   -8192,
   8192
  ]
 ],
 [
  "dither",
  [
   2500,
   250
  ]
 ],
 [
  "dither",
  [
   2500,
   250
  ]
 ],
 [
  "dither",
  [
   2500,
   250
  ]
 ],
 [
  "calf_scale",
  [
   -3.9140201e-05,
   3.14910949125
  ]
 ]
]