[
 [
  "pwm_limits",
  [
   0,
   1638,
   8192,
   1638,
   8192
  ]
 ],
 [
  "pwm_limits",
  [
   1,
   1638,
   8192,
   1638,
   8192
  ]
 ],
 [
  "pwm_limits",
  [
   2,
   1638,
   8192,
   1638,
   8192
  ]
 ],
 [
  "adc_limits",
  [
   0,
   6646,
   46020
  ]
 ],
 [
  "adc_limits",
  [
   1,
   2974,
   61708
  ]
 ],
 [
  "adc_limits",
  [
   2,
   8964,
   59123
  ]
 ],
 [
  "pid_config",
  [
   0,
   1.0,
   0.0,
   0.0,
   -8192,
   8192
  ]
 ],
 [
  "pid_config",
  [
   1,
   2.0,
   0.1,
   0.0,
   -8192,
   8192
  ]
 ],
 [
  "pid_config",
  [
   2,
   1.0,
   0.1,
   0.0,
   -8192,
   8192
  ]
 ],
 [
  "dither",
  [
   2500,
   250
  ]
 ],
 [
  "dither",
  [
   2500,
   250
  ]
 ],
 [
  "dither",
  [
   2500,
   250
  ]
 ],
 [
  "calf_scale",
  [
   -3.5722324e-05,
   3.073877614735071
  ]
 ]
]